39429
19767
8751
11826
7036
8726
5833
7455
7681
8362
8302
9740
4543
3620
2706
3280
3234
4979
7342
4154
5940
7687
5330
4721
3431
2897
5829
3267
2696
2617
4740
3021
3760
2736
3004
3576
3749
2501
2505
2721
3022
6954
4202
3126
3343
4879
3391
4096
4237
3081
4240
6297
4047
6531
25959
9843
2227
2517
4011
4370
5020
3895
2855
2535
2142
1491
2266
2818
3604
4211
5417
8598
2312
2431
2155
2757
2637
2865
1903
5157
4319
3976
3193
3320
3891
5535
5531
5784
5133
2362
3405
9888
2236
3545
2863
5261
3878
2820
2753
3531
7358
3040
6435
3005
3244
4366
3231
1133
4815
4448
2801
1947
3533
3279
2282
3213
7173
4806
13228
3901
3812
4418
3166
2984
2495
3071
1889
1991
3050
4067
2125
2539
4587
5190
4144
5008
1847
1811
2802
3373
2549
2898
3021
3233
4897
4008
3909
6783
5000
5443
4613
3362
3475
2574
1447
1339
2295
3820
6520
6285
4699
3027
2354
1635
1456
1793
2538
3434
3178
1958
2552
3749
1634
